NOAA 15                 
1 25338U 98030A   24110.18058001  .00000588  00000+0  26169-3 0  9999
2 25338  98.5744 138.5263 0011308 133.5497 226.6624 14.26538996349022
DMSP 5D-3 F16 (USA 172) 
1 28054U 03048A   24110.20907619  .00000499  00000+0  28684-3 0  9998
2 28054  99.0226 116.1225 0006607 212.5867 220.2299 14.13994448 57945
NOAA 18                 
1 28654U 05018A   24110.16036010  .00000533  00000+0  30857-3 0  9990
2 28654  98.8753 187.6139 0013579 227.1317 132.8716 14.13171846974925
METEOSAT-9 (MSG-2)      
1 28912U 05049B   24109.54326522  .00000126  00000+0  00000+0 0  9992
2 28912   7.5520  61.3518 0001699 320.0745  67.0237  1.00275962 67137
EWS-G1 (GOES 13)        
1 29155U 06018A   24109.91598104 -.00000232  00000+0  00000+0 0  9996
2 29155   2.4717  85.9304 0087222 253.3343 318.4177  0.99153954 35440
DMSP 5D-3 F17 (USA 191) 
1 29522U 06050A   24110.19139554  .00000526  00000+0  29708-3 0  9997
2 29522  98.7468 121.9808 0010794 142.6222 217.5704 14.14441732900852
FENGYUN 3A              
1 32958U 08026A   24109.87676509  .00000497  00000+0  25812-3 0  9997
2 32958  98.5992  58.7276 0007660 241.0926 118.9483 14.19057047823431
FENGYUN 2E              
1 33463U 08066A   24109.80856260 -.00000181  00000+0  00000+0 0  9999
2 33463   7.4501  61.0270 0002129  14.7645   2.2604  0.99121147 56183
NOAA 19                 
1 33591U 09005A   24110.17438066  .00000508  00000+0  29698-3 0  9997
2 33591  99.0527 165.3366 0014895  98.9833 261.3025 14.12972356783290
GOES 14                 
1 35491U 09033A   24109.87060972 -.00000069  00000+0  00000+0 0  9996
2 35491   0.2007 111.4731 0003135 307.9232 352.9010  1.00271298 54198
DMSP 5D-3 F18 (USA 210) 
1 35951U 09057A   24110.18304544  .00000820  00000+0  45391-3 0  9995
2 35951  98.8101  86.3414 0010802 341.1956  18.8816 14.14065971748029
EWS-G2 (GOES 15)        
1 36411U 10008A   24109.82410576  .00000034  00000+0  00000+0 0  9998
2 36411   0.1457  91.0822 0001988 197.5128 276.7834  1.00274961 51727
COMS 1                  
1 36744U 10032A   24109.98925404 -.00000345  00000+0  00000+0 0  9998
2 36744   2.7776  85.2187 0001046 289.2481 317.3615  1.00277095 50744
FENGYUN 3B              
1 37214U 10059A   24110.21635628  .00000317  00000+0  18921-3 0  9997
2 37214  99.0608 137.4717 0021135 258.6821 173.8643 14.14472719695917
SUOMI NPP               
1 37849U 11061A   24110.18854887  .00000317  00000+0  17107-3 0  9996
2 37849  98.7185  49.0649 0001719  84.1444 275.9928 14.19548665646496
FENGYUN 2F              
1 38049U 12002A   24109.91441462 -.00000356  00000+0  00000+0 0  9999
2 38049   5.4485  73.6960 0002763  55.3373 159.6910  1.00268601 44976
METEOSAT-10 (MSG-3)     
1 38552U 12035B   24110.10700043 -.00000007  00000+0  00000+0 0  9993
2 38552   2.8342  60.4688 0002353 288.9064 257.0128  1.00268195 43303
METOP-B                 
1 38771U 12049A   24110.18930535  .00000435  00000+0  21835-3 0  9997
2 38771  98.6325 168.7206 0001275 129.6034 230.5256 14.21506238601160
INSAT-3D                
1 39216U 13038B   24110.12309962 -.00000158  00000+0  00000+0 0  9999
2 39216   0.1027  86.8818 0001715 226.7630  20.4381  1.00270559 39393
FENGYUN 3C              
1 39260U 13052A   24110.24369467  .00000395  00000+0  22031-3 0  9997
2 39260  98.4296 112.9754 0011972 132.8016 227.4168 14.16179581546985
METEOR-M 2              
1 40069U 14037A   24110.16356677  .00000514  00000+0  25654-3 0  9997
2 40069  98.4362 107.0440 0006080 158.5711 201.5722 14.20932293507243
HIMAWARI-8              
1 40267U 14060A   24109.92015813 -.00000280  00000+0  00000+0 0  9994
2 40267   0.0262 167.7414 0000982 245.3741 266.2799  1.00269964 34843
FENGYUN 2G              
1 40367U 14090A   24109.80022134 -.00000304  00000+0  00000+0 0  9996
2 40367   3.6394  82.1789 0002241  82.1328  70.8908  1.00271889 34088
METEOSAT-11 (MSG-4)     
1 40732U 15034A   24110.10882791  .00000063  00000+0  00000+0 0  9990
2 40732   1.2454  67.4252 0000822 235.5228 313.4530  1.00279964 32102
ELEKTRO-L 2             
1 41105U 15074A   24109.68799517 -.00000117  00000+0  00000+0 0  9994
2 41105   4.6911  80.1487 0001685 222.4367 137.8146  1.00273753 30582
INSAT-3DR               
1 41752U 16054A   24109.54900872 -.00000082  00000+0  00000+0 0  9995
2 41752   0.1399  88.2101 0011173 188.9682 201.6124  1.00272045 27903
HIMAWARI-9              
1 41836U 16064A   24109.98730220 -.00000279  00000+0  00000+0 0  9993
2 41836   0.0220 121.4537 0000726 282.0775 300.2524  1.00268752 27384
GOES 16                 
1 41866U 16071A   24110.15813453 -.00000251  00000+0  00000+0 0  9995
2 41866   0.0168 271.9259 0000557 123.6069 153.9356  1.00272473 27187
FENGYUN 4A              
1 41882U 16077A   24110.13591296 -.00000202  00000+0  00000+0 0  9991
2 41882   0.3091  82.8256 0008557 344.0335 276.6090  1.00265396 27063
CYGFM05                 
1 41884U 16078A   24109.62465889  .00015040  00000+0  57830-3 0  9996
2 41884  34.9542 317.7935 0012889  10.2472 349.8504 15.25495275406977
CYGFM04                 
1 41885U 16078B   24109.90965174  .00017529  00000+0  65628-3 0  9998
2 41885  34.9467 300.6217 0009995  36.0515 324.0873 15.26384037407100
CYGFM02                 
1 41886U 16078C   24109.94568131  .00017256  00000+0  63975-3 0  9995
2 41886  34.9557 302.7746 0013204  26.9549 333.1850 15.26675393407265
CYGFM01                 
1 41887U 16078D   24109.85751335  .00015682  00000+0  60782-3 0  9990
2 41887  34.9509 320.0096 0013104   5.4016 354.6838 15.25220213406948
CYGFM08                 
1 41888U 16078E   24109.91371586  .00016901  00000+0  63643-3 0  9998
2 41888  34.9460 308.4111 0013140  27.8073 332.3342 15.26165171407120
CYGFM07                 
1 41890U 16078G   24109.90336730  .00017290  00000+0  64546-3 0  9997
2 41890  34.9485 300.1095 0009686  34.9978 325.1373 15.26485214407265
CYGFM03                 
1 41891U 16078H   24109.93488728  .00017267  00000+0  64556-3 0  9991
2 41891  34.9529 301.0317 0011146  21.6671 338.4513 15.26421579407255
FENGYUN 3D              
1 43010U 17072A   24110.16121247  .00000405  00000+0  21452-3 0  9992
2 43010  98.9056  64.4879 0002254 119.9723 240.1676 14.19317595333044
NOAA 20 (JPSS-1)        
1 43013U 17073A   24110.13608198  .00000320  00000+0  17281-3 0  9999
2 43013  98.7050  49.0570 0001583  70.8941 289.2406 14.19463760332520
GOES 17                 
1 43226U 18022A   24110.16924576 -.00000094  00000+0  00000+0 0  9990
2 43226   0.0332  63.9730 0000875 293.2485 166.7655  1.00271903 22528
FENGYUN 2H              
1 43491U 18050A   24110.12266451 -.00000131  00000+0  00000+0 0  9994
2 43491   0.9904  87.6029 0000973   9.2495 234.2220  1.00275013 21596
METOP-C                 
1 43689U 18087A   24110.15543546  .00000420  00000+0  21221-3 0  9991
2 43689  98.7285 170.1073 0001118 237.4170 122.6899 14.21472307282735
GEO-KOMPSAT-2A          
1 43823U 18100A   24109.98899297 -.00000347  00000+0  00000+0 0  9990
2 43823   0.0155 101.1638 0002040 323.4710 267.2474  1.00268660 19741
METEOR-M2 2             
1 44387U 19038A   24110.19394252  .00000224  00000+0  11748-3 0  9991
2 44387  98.8222  79.2021 0002225 110.4017 249.7401 14.23871585248998
ARKTIKA-M 1             
1 47719U 21016A   24107.94023555  .00000082  00000+0  00000+0 0  9993
2 47719  63.1360 158.7575 6922862 268.8308  18.0427  2.00604043 22912
FENGYUN 3E              
1 49008U 21062A   24110.21931171  .00000143  00000+0  88441-4 0  9991
2 49008  98.7332 112.2896 0001551 158.0654 202.0589 14.19743119144628
GOES 18                 
1 51850U 22021A   24110.13452369  .00000094  00000+0  00000+0 0  9998
2 51850   0.0145 105.4232 0000440 235.6177 138.1009  1.00272792  7893
NOAA 21 (JPSS-2)        
1 54234U 22150A   24109.88800322  .00000355  00000+0  18904-3 0  9992
2 54234  98.7481  48.4877 0000895  56.9831 303.1431 14.19548123 74564
METEOSAT-12 (MTG-I1)    
1 54743U 22170C   24109.89910627 -.00000011  00000+0  00000+0 0  9994
2 54743   0.4304  26.2963 0001000  11.9326 132.4840  1.00273439  5069
TIANMU-1 03             
1 55973U 23039A   24110.17639241  .00017780  00000+0  71583-3 0  9996
2 55973  97.4616 261.0281 0011337 319.0190  41.0194 15.24873802 59869
TIANMU-1 04             
1 55974U 23039B   24110.15935139  .00017827  00000+0  71875-3 0  9996
2 55974  97.4537 260.6347 0008419 319.2954  40.7653 15.24852084 59851
TIANMU-1 05             
1 55975U 23039C   24110.21070953  .00017558  00000+0  70847-3 0  9997
2 55975  97.4586 260.9702 0004560 314.9417  45.1451 15.24850995 59857
TIANMU-1 06             
1 55976U 23039D   24110.19518414  .00017342  00000+0  69996-3 0  9998
2 55976  97.4600 261.0596 0004094 318.4070  41.6856 15.24845868 59857
METEOR-M2 3             
1 57166U 23091A   24110.15907556  .00000117  00000+0  70166-4 0  9998
2 57166  98.7184 165.3461 0002992 311.4864  48.6058 14.23882984 42229
TIANMU-1 07             
1 57399U 23101A   24110.18031205  .00011194  00000+0  58274-3 0  9992
2 57399  97.3687 169.0124 0005801  49.8294 310.3446 15.16169526 41488
TIANMU-1 08             
1 57400U 23101B   24110.15031624  .00010721  00000+0  55790-3 0  9992
2 57400  97.3679 168.8634 0008315  50.9992 309.1980 15.16178048 41473
TIANMU-1 09             
1 57401U 23101C   24110.13181482  .00010628  00000+0  55393-3 0  9994
2 57401  97.3632 168.7260 0008548  46.0181 314.1756 15.16123207 41475
TIANMU-1 10             
1 57402U 23101D   24110.16340097  .00012020  00000+0  62451-3 0  9998
2 57402  97.3714 168.9709 0010388  42.7314 317.4725 15.16189764 41475
FENGYUN 3F              
1 57490U 23111A   24110.17618659  .00000292  00000+0  15880-3 0  9991
2 57490  98.7727 179.8432 0000452 134.8634 225.2578 14.19792903 36893
TIANMU-1 11             
1 58645U 23205A   24110.12590002  .00008764  00000+0  48272-3 0  9997
2 58645  97.4093 136.7603 0009987 243.4433 116.5775 15.14207616 17579
TIANMU-1 12             
1 58646U 23205B   24110.07619060  .00011352  00000+0  62393-3 0  9995
2 58646  97.4078 136.6525 0008796 233.5877 126.4544 15.14221488 17559
TIANMU-1 13             
1 58647U 23205C   24110.17469736  .00009310  00000+0  51199-3 0  9993
2 58647  97.4105 136.7204 0009311 217.1681 142.8907 15.14249796 17569
TIANMU-1 14             
1 58648U 23205D   24110.22487843  .00012805  00000+0  70313-3 0  9991
2 58648  97.4031 136.6908 0009639 218.1950 141.8600 15.14218321 17571
TIANMU-1 19             
1 58660U 23208A   24110.16101463  .00012199  00000+0  66665-3 0  9993
2 58660  97.4040 224.0918 0010955 204.5749 155.4963 15.14388882 17232
TIANMU-1 20             
1 58661U 23208B   24110.19500474  .00013002  00000+0  70332-3 0  9992
2 58661  97.3968 224.0856 0009964 213.3795 146.6810 15.14745330 17248
TIANMU-1 21             
1 58662U 23208C   24110.22087090  .00012712  00000+0  67265-3 0  9999
2 58662  97.4005 224.2645 0009655 213.0912 146.9718 15.15537174 17252
TIANMU-1 22             
1 58663U 23208D   24110.17747457  .00011809  00000+0  64589-3 0  9996
2 58663  97.4027 224.1955 0005944 211.4235 148.6643 15.14402361 17240
TIANMU-1 15             
1 58700U 24004A   24110.15348884  .00010161  00000+0  55736-3 0  9996
2 58700  97.4627 292.3877 0009083 251.8917 108.1326 15.14324171 15835
TIANMU-1 16             
1 58701U 24004B   24110.20361281  .00010456  00000+0  57355-3 0  9995
2 58701  97.4550 292.3712 0009050 260.2581  99.7629 15.14313563 15849
TIANMU-1 17             
1 58702U 24004C   24110.18777333  .00011337  00000+0  62193-3 0  9997
2 58702  97.4596 292.4530 0006575 252.9425 107.1087 15.14304530 15838
TIANMU-1 18             
1 58703U 24004D   24110.17240300  .00010434  00000+0  57363-3 0  9996
2 58703  97.4615 292.4943 0005891 241.3479 118.7160 15.14254735 15831
INSAT-3DS               
1 58990U 24033A   24109.83710601 -.00000169  00000+0  00000+0 0  9990
2 58990   0.1401  86.8831 0011378 359.4685 145.4277  1.00273058   379
METEOR-M2 4             
1 59051U 24039A   24110.17952549  .00000203  00000+0  11065-3 0  9998
2 59051  98.5926  73.5426 0006068 302.0868  57.9721 14.22212513  7107
